LD1 8 1 83 309 309
LD1 8 1 74 310 309
LD1 8 1 81 331 309
LD1 8 1 84 338 309
LD1 8 1 75 317 309
LD1 8 1 79 327 309
LD1 8 1 74 332 309
LD1 8 1 79 316 309
LD1 8 1 71 307 309
LD1 8 1 74 304 309
LD2 3 1 28 234 185
LD2 3 1 29 238 185
LD2 3 1 28 232 185
LD2 3 1 32 253 185
LD2 3 1 32 240 185
LD2 3 1 28 226 185
LD2 3 1 28 241 185
LD2 3 1 28 234 185
LD2 3 1 28 232 185
LD2 3 1 31 230 185
LD3 16 1 108 332 162
LD3 16 1 104 333 162
LD3 16 1 119 333 162
LD3 16 1 104 324 162
LD3 16 1 119 335 162
LD3 16 1 104 303 162
LD3 16 1 103 311 162
LD3 16 1 103 321 162
LD3 16 1 99 305 162
LD3 16 1 117 331 162
LD4 5 1 44 220 50
LD4 5 1 42 211 50
LD4 5 1 45 211 50
LD4 5 1 50 226 50
LD4 5 1 40 212 50
LD4 5 1 44 197 50
LD4 5 1 42 215 50
LD4 5 1 43 201 50
LD4 5 1 51 230 50
LD4 5 1 42 202 50
LD5 5 1 58 198 28
LD5 5 1 60 213 28
LD5 5 1 56 222 28
LD5 5 1 55 195 28
LD5 5 1 57 199 28
LD5 5 1 54 190 28
LD5 5 1 63 222 28
LD5 5 1 58 201 28
LD5 5 1 61 202 28
LD5 5 1 56 219 28
LD6 14 13 128 407 39
LD6 14 13 125 344 39
LD6 14 13 129 402 39
LD6 14 13 123 452 39
LD6 14 13 119 397 39
LD6 14 13 122 421 39
LD6 14 13 119 410 39
LD6 14 13 136 411 39
LD6 14 13 146 442 39
LD6 14 13 128 439 39
LD7 4 4 53 1699 1216
LD7 4 4 49 1430 1216
LD7 4 4 59 1443 1216
LD7 4 4 50 1394 1216
LD7 4 4 57 1308 1216
LD7 4 4 50 1259 1216
LD7 4 4 57 1306 1216
LD7 4 4 50 1329 1216
LD7 4 4 55 1226 1216
LD7 4 4 48 1270 1216
LD8 15 14 116 638 22
LD8 15 14 103 577 22
LD8 15 14 108 526 22
LD8 15 14 107 579 22
LD8 15 14 121 574 22
LD8 15 14 116 552 22
LD8 15 14 102 541 22
LD8 15 14 105 578 22
LD8 15 14 115 604 22
LD8 15 14 102 578 22
LD9 5 1 59 184 1
LD9 5 1 56 174 1
LD9 5 1 59 183 1
LD9 5 1 56 174 1
LD9 5 1 56 170 1
LD9 5 1 69 200 1
LD9 5 1 58 178 1
LD9 5 1 56 175 1
LD9 5 1 66 188 1
LD9 5 1 64 185 1
LD10 10 10 85 477 3
LD10 10 10 80 397 3
LD10 10 10 82 407 3
LD10 10 10 85 407 3
LD10 10 10 82 450 3
LD10 10 10 84 415 3
LD10 10 10 88 455 3
LD10 10 10 95 404 3
LD10 10 10 90 410 3
LD10 10 10 86 400 3
LD11 15 13 105 1135 376
LD11 15 13 107 1104 376
LD11 15 13 125 1182 376
LD11 15 13 102 1096 376
LD11 15 13 106 1053 376
LD11 15 13 120 1100 376
LD11 15 13 104 1073 376
LD11 15 13 106 1071 376
LD11 15 13 101 1085 376
LD11 15 13 104 1598 376
CD1 15 15 252 337 90
CD1 15 15 293 398 90
CD1 15 15 258 338 90
CD1 15 15 267 359 90
CD1 15 15 296 403 90
CD1 15 15 280 376 90
CD1 15 15 270 355 90
CD1 15 15 252 336 90
CD1 15 15 266 358 90
CD1 15 15 249 328 90
CD2 7 7 96 251 1
CD2 7 7 98 251 1
CD2 7 7 94 243 1
CD2 7 7 92 241 1
CD2 7 7 98 245 1
CD2 7 7 92 238 1
CD2 7 7 98 268 1
CD2 7 7 105 262 1
CD2 7 7 89 236 1
CD2 7 7 92 238 1
CD3 12 10 116 416 2
CD3 12 10 112 371 2
CD3 12 10 112 391 2
CD3 12 10 115 409 2
CD3 12 10 113 429 2
CD3 12 10 119 387 2
CD3 12 10 115 394 2
CD3 12 10 131 406 2
CD3 12 10 113 383 2
CD3 12 10 109 366 2
CD4 20 20 167 485 1
CD4 20 20 169 490 1
CD4 20 20 183 495 1
CD4 20 20 171 495 1
CD4 20 20 168 489 1
CD4 20 20 191 499 1
CD4 20 20 163 479 1
CD4 20 20 172 467 1
CD4 20 20 170 480 1
CD4 20 20 166 492 1
CD5 11 10 108 352 2
CD5 11 10 112 378 2
CD5 11 10 109 350 2
CD5 11 10 120 399 2
CD5 11 10 111 358 2
CD5 11 10 126 383 2
CD5 11 10 116 385 2
CD5 11 10 109 366 2
CD5 11 10 116 362 2
CD5 11 10 115 356 2
CD6 10 10 109 1144 11
CD6 10 10 99 997 11
CD6 10 10 98 945 11
CD6 10 10 98 904 11
CD6 10 10 96 984 11
CD6 10 10 107 960 11
CD6 10 10 102 973 11
CD6 10 10 97 959 11
CD6 10 10 110 1069 11
CD6 10 10 93 992 11
CD7 13 13 105 1074 1
CD7 13 13 114 978 1
CD7 13 13 119 943 1
CD7 13 13 98 888 1
CD7 13 13 101 766 1
CD7 13 13 100 802 1
CD7 13 13 110 803 1
CD7 13 13 110 932 1
CD7 13 13 117 872 1
CD7 13 13 116 842 1
LS1 1 1 25 398 1159
LS1 1 1 23 357 1159
LS1 1 1 20 373 1159
LS1 1 1 21 317 1159
LS1 1 1 21 369 1159
LS1 1 1 22 395 1159
LS1 1 1 24 338 1159
LS1 1 1 21 339 1159
LS1 1 1 23 365 1159
LS1 1 1 21 328 1159
LS2 11 11 263 492 333
LS2 11 11 250 503 333
LS2 11 11 259 539 333
LS2 11 11 251 557 333
LS2 11 11 248 470 333
LS2 11 11 257 498 333
LS2 11 11 287 529 333
LS2 11 11 263 538 333
LS2 11 11 272 518 333
LS2 11 11 250 523 333
LS3 12 10 116 7801 9054
LS3 12 10 127 7674 9054
LS3 12 10 134 8022 9054
LS3 12 10 116 7594 9054
LS3 12 10 121 8486 9054
LS3 12 10 117 7757 9054
LS3 12 10 128 8211 9054
LS3 12 10 132 7564 9054
LS3 12 10 115 7838 9054
LS3 12 10 114 7904 9054
LS4 7 2 60 210 3
LS4 7 2 58 192 3
LS4 7 2 60 193 3
LS4 7 2 54 191 3
LS4 7 2 55 210 3
LS4 7 2 58 191 3
LS4 7 2 56 192 3
LS4 7 2 64 215 3
LS4 7 2 54 201 3
LS4 7 2 64 218 3
LS5 10 8 105 3155 393
LS5 10 8 97 3050 393
LS5 10 8 98 3059 393
LS5 10 8 95 3117 393
LS5 10 8 97 3216 393
LS5 10 8 97 3173 393
LS5 10 8 93 3084 393
LS5 10 8 96 3201 393
LS5 10 8 106 3148 393
LS5 10 8 101 3171 393
LS6 9 7 98 327045 28
LS6 9 7 96 320967 28
LS6 9 7 106 283554 28
LS6 9 7 98 269308 28
LS6 9 7 96 274556 28
LS6 9 7 95 287602 28
LS6 9 7 105 271627 28
LS6 9 7 93 282996 28
LS6 9 7 105 275572 28
LS6 9 7 109 321206 28
LS7 6 5 77 3401 144
LS7 6 5 78 2890 144
LS7 6 5 78 2735 144
LS7 6 5 75 2706 144
LS7 6 5 85 2677 144
LS7 6 5 94 2688 144
LS7 6 5 79 2762 144
LS7 6 5 87 2679 144
LS7 6 5 77 2755 144
LS7 6 5 79 2690 144
