LD1 8 1 70 299 309
LD1 8 1 70 304 309
LD1 8 1 75 284 309
LD1 8 1 71 286 309
LD1 8 1 71 286 309
LD1 8 1 69 299 309
LD1 8 1 75 308 309
LD1 8 1 69 295 309
LD1 8 1 70 287 309
LD1 8 1 70 300 309
LD2 3 1 27 229 185
LD2 3 1 33 230 185
LD2 3 1 28 221 185
LD2 3 1 30 229 185
LD2 3 1 27 236 185
LD2 3 1 27 221 185
LD2 3 1 27 231 185
LD2 3 1 27 223 185
LD2 3 1 28 227 185
LD2 3 1 28 208 185
LD3 16 1 101 314 162
LD3 16 1 107 336 162
LD3 16 1 111 321 162
LD3 16 1 114 316 162
LD3 16 1 121 348 162
LD3 16 1 95 300 162
LD3 16 1 110 327 162
LD3 16 1 104 298 162
LD3 16 1 98 301 162
LD3 16 1 99 301 162
LD4 5 1 40 204 50
LD4 5 1 40 200 50
LD4 5 1 40 196 50
LD4 5 1 39 189 50
LD4 5 1 41 208 50
LD4 5 1 41 197 50
LD4 5 1 42 208 50
LD4 5 1 41 201 50
LD4 5 1 42 199 50
LD4 5 1 46 202 50
LD5 5 1 59 197 28
LD5 5 1 55 192 28
LD5 5 1 57 190 28
LD5 5 1 61 197 28
LD5 5 1 65 197 28
LD5 5 1 60 198 28
LD5 5 1 57 191 28
LD5 5 1 56 189 28
LD5 5 1 64 208 28
LD5 5 1 55 191 28
LD6 14 13 140 435 39
LD6 14 13 138 428 39
LD6 14 13 123 396 39
LD6 14 13 122 407 39
LD6 14 13 125 382 39
LD6 14 13 115 428 39
LD6 14 13 117 417 39
LD6 14 13 118 386 39
LD6 14 13 129 406 39
LD6 14 13 123 406 39
LD7 4 4 55 1193 1216
LD7 4 4 55 1287 1216
LD7 4 4 56 1205 1216
LD7 4 4 48 1233 1216
LD7 4 4 52 1175 1216
LD7 4 4 48 1261 1216
LD7 4 4 49 1243 1216
LD7 4 4 50 1225 1216
LD7 4 4 55 1282 1216
LD7 4 4 49 1191 1216
LD8 15 14 98 497 22
LD8 15 14 96 542 22
LD8 15 14 104 537 22
LD8 15 14 95 544 22
LD8 15 14 101 545 22
LD8 15 14 100 530 22
LD8 15 14 102 563 22
LD8 15 14 104 563 22
LD8 15 14 116 533 22
LD8 15 14 103 578 22
LD9 5 1 58 175 1
LD9 5 1 59 166 1
LD9 5 1 64 183 1
LD9 5 1 57 172 1
LD9 5 1 55 171 1
LD9 5 1 59 173 1
LD9 5 1 57 176 1
LD9 5 1 54 168 1
LD9 5 1 54 170 1
LD9 5 1 60 176 1
LD10 10 10 82 384 3
LD10 10 10 78 412 3
LD10 10 10 92 394 3
LD10 10 10 91 406 3
LD10 10 10 81 445 3
LD10 10 10 82 416 3
LD10 10 10 91 433 3
LD10 10 10 79 407 3
LD10 10 10 79 408 3
LD10 10 10 80 388 3
LD11 15 13 104 1155 376
LD11 15 13 119 1001 376
LD11 15 13 96 1047 376
LD11 15 13 104 1008 376
LD11 15 13 114 1116 376
LD11 15 13 97 1020 376
LD11 15 13 103 1066 376
LD11 15 13 104 1152 376
LD11 15 13 107 1150 376
LD11 15 13 105 1015 376
CD1 15 15 125 314 90
CD1 15 15 111 319 90
CD1 15 15 131 325 90
CD1 15 15 120 316 90
CD1 15 15 115 314 90
CD1 15 15 117 309 90
CD1 15 15 123 316 90
CD1 15 15 108 317 90
CD1 15 15 120 324 90
CD1 15 15 124 350 90
CD2 7 7 86 234 1
CD2 7 7 84 230 1
CD2 7 7 81 220 1
CD2 7 7 75 223 1
CD2 7 7 75 235 1
CD2 7 7 76 214 1
CD2 7 7 73 216 1
CD2 7 7 85 236 1
CD2 7 7 88 250 1
CD2 7 7 79 225 1
CD3 12 10 116 413 2
CD3 12 10 125 406 2
CD3 12 10 111 405 2
CD3 12 10 108 406 2
CD3 12 10 112 384 2
CD3 12 10 116 404 2
CD3 12 10 124 397 2
CD3 12 10 111 382 2
CD3 12 10 111 377 2
CD3 12 10 108 381 2
CD4 20 20 174 517 1
CD4 20 20 151 470 1
CD4 20 20 159 503 1
CD4 20 20 156 469 1
CD4 20 20 171 533 1
CD4 20 20 149 465 1
CD4 20 20 159 471 1
CD4 20 20 144 447 1
CD4 20 20 148 474 1
CD4 20 20 161 464 1
CD5 11 10 110 350 2
CD5 11 10 111 369 2
CD5 11 10 103 357 2
CD5 11 10 100 320 2
CD5 11 10 102 341 2
CD5 11 10 111 358 2
CD5 11 10 108 355 2
CD5 11 10 109 334 2
CD5 11 10 122 384 2
CD5 11 10 111 367 2
CD6 10 10 94 959 11
CD6 10 10 91 912 11
CD6 10 10 95 948 11
CD6 10 10 94 867 11
CD6 10 10 92 901 11
CD6 10 10 97 980 11
CD6 10 10 95 934 11
CD6 10 10 94 932 11
CD6 10 10 90 977 11
CD6 10 10 91 932 11
CD7 13 13 105 803 1
CD7 13 13 100 808 1
CD7 13 13 105 821 1
CD7 13 13 103 775 1
CD7 13 13 114 891 1
CD7 13 13 107 863 1
CD7 13 13 107 852 1
CD7 13 13 98 828 1
CD7 13 13 101 823 1
CD7 13 13 106 819 1
LS1 1 1 20 391 1159
LS1 1 1 21 385 1159
LS1 1 1 24 345 1159
LS1 1 1 21 343 1159
LS1 1 1 25 330 1159
LS1 1 1 20 381 1159
LS1 1 1 24 344 1159
LS1 1 1 21 316 1159
LS1 1 1 22 340 1159
LS1 1 1 20 359 1159
LS2 11 11 97 464 333
LS2 11 11 101 493 333
LS2 11 11 105 455 333
LS2 11 11 104 528 333
LS2 11 11 101 449 333
LS2 11 11 99 466 333
LS2 11 11 103 459 333
LS2 11 11 107 517 333
LS2 11 11 95 449 333
LS2 11 11 98 485 333
LS3 12 10 94 8141 9054
LS3 12 10 112 8054 9054
LS3 12 10 103 8779 9054
LS3 12 10 111 7884 9054
LS3 12 10 98 7978 9054
LS3 12 10 104 7652 9054
LS3 12 10 103 7669 9054
LS3 12 10 120 7653 9054
LS3 12 10 114 8256 9054
LS3 12 10 113 7545 9054
LS4 7 2 53 194 3
LS4 7 2 56 188 3
LS4 7 2 51 183 3
LS4 7 2 53 185 3
LS4 7 2 64 203 3
LS4 7 2 60 196 3
LS4 7 2 54 191 3
LS4 7 2 55 196 3
LS4 7 2 51 184 3
LS4 7 2 62 197 3
LS5 10 8 95 3071 393
LS5 10 8 94 3164 393
LS5 10 8 95 3172 393
LS5 10 8 96 3152 393
LS5 10 8 90 3136 393
LS5 10 8 89 3091 393
LS5 10 8 99 3162 393
LS5 10 8 88 3130 393
LS5 10 8 100 3173 393
LS5 10 8 93 3072 393
LS6 9 7 94 296806 28
LS6 9 7 97 288258 28
LS6 9 7 93 305170 28
LS6 9 7 95 315087 28  
LS6 9 7 95 318524 28
LS6 9 7 91 274656 28
LS6 9 7 99 271801 28
LS6 9 7 93 272795 28
LS6 9 7 101 266301 28
LS6 9 7 103 324198 28
LS7 6 5 85 2748 144
LS7 6 5 82 2706 144
LS7 6 5 75 2701 144
LS7 6 5 74 2681 144
LS7 6 5 83 2753 144
LS7 6 5 87 2794 144
LS7 6 5 77 2684 144
LS7 6 5 81 3175 144
LS7 6 5 79 2733 144
LS7 6 5 80 2704 144
