LD1 3 1 159 146 309
LD1 3 1 162 169 309
LD1 3 1 156 133 309
LD1 3 1 138 109 309
LD1 3 1 140 113 309
LD1 3 1 140 131 309
LD1 3 1 144 147 309
LD1 3 1 148 146 309
LD1 3 1 151 117 309
LD1 3 1 153 110 309
LD2 3 1 6 111 185
LD2 3 1 7 89 185
LD2 3 1 7 105 185
LD2 3 1 7 87 185
LD2 3 1 7 112 185
LD2 3 1 8 82 185
LD2 3 1 6 107 185
LD2 3 1 7 88 185
LD2 3 1 6 87 185
LD2 3 1 9 107 185
LD3 4 1 117 92 162
LD3 4 1 117 89 162
LD3 4 1 117 88 162
LD3 4 1 116 89 162
LD3 4 1 120 91 162
LD3 4 1 115 119 162
LD3 4 1 115 82 162
LD3 4 1 126 108 162
LD3 4 1 128 97 162
LD3 4 1 127 121 162
LD4 5 1 11 75 50
LD4 5 1 10 52 50
LD4 5 1 11 70 50
LD4 5 1 10 58 50
LD4 5 1 11 61 50
LD4 5 1 10 51 50
LD4 5 1 12 75 50
LD4 5 1 13 61 50
LD4 5 1 11 54 50
LD4 5 1 13 56 50
LD5 3 1 29 42 28
LD5 3 1 30 38 28
LD5 3 1 29 39 28
LD5 3 1 34 39 28
LD5 3 1 32 41 28
LD5 3 1 42 39 28
LD5 3 1 28 40 28
LD5 3 1 32 42 28
LD5 3 1 32 38 28
LD5 3 1 41 38 28
LD6 10 6 300 155 39
LD6 10 6 281 126 39
LD6 10 6 279 131 39
LD6 10 6 282 125 39
LD6 10 6 333 154 39
LD6 10 6 277 135 39
LD6 10 6 330 126 39
LD6 10 6 334 134 39
LD6 10 6 290 149 39
LD6 10 6 282 157 39
LD7 4 4 23 1259 1216
LD7 4 4 17 2239 1216
LD7 4 4 24 2437 1216
LD7 4 4 16 952 1216
LD7 4 4 14 883 1216
LD7 4 4 21 885 1216
LD7 4 4 20 822 1216
LD7 4 4 13 823 1216
LD7 4 4 23 849 1216
LD7 4 4 16 824 1216
LD8 5 2 1434 317 22
LD8 5 2 1473 275 22
LD8 5 2 1276 233 22
LD8 5 2 1305 280 22
LD8 5 2 1281 261 22
LD8 5 2 1340 289 22
LD8 5 2 1279 278 22
LD8 5 2 1322 254 22
LD8 5 2 1290 243 22
LD8 5 2 1579 233 22
LD9 3 1 159 59 1
LD9 3 1 155 36 1
LD9 3 1 154 36 1
LD9 3 1 156 34 1
LD9 3 1 156 33 1
LD9 3 1 149 30 1
LD9 3 1 147 38 1
LD9 3 1 159 38 1
LD9 3 1 145 35 1
LD9 3 1 150 29 1
LD10 3 2 75 53 3
LD10 3 2 77 53 3
LD10 3 2 73 53 3
LD10 3 2 77 42 3
LD10 3 2 91 77 3
LD10 3 2 70 50 3
LD10 3 2 77 65 3
LD10 3 2 86 59 3
LD10 3 2 86 63 3
LD10 3 2 71 49 3
LD11 6 3 333 545 376
LD11 6 3 400 499 376
LD11 6 3 336 511 376
LD11 6 3 401 530 376
LD11 6 3 338 480 376
LD11 6 3 365 556 376
LD11 6 3 391 512 376
LD11 6 3 396 589 376
LD11 6 3 329 536 376
LD11 6 3 375 521 376
CD1 -1 -1 13 101 90
CD1 -1 -1 13 106 90
CD1 -1 -1 13 116 90
CD1 -1 -1 17 116 90
CD1 -1 -1 12 115 90
CD1 -1 -1 13 95 90
CD1 -1 -1 13 92 90
CD1 -1 -1 18 92 90
CD1 -1 -1 12 93 90
CD1 -1 -1 13 83 90
CD2 3 2 17 50 1
CD2 3 2 17 50 1
CD2 3 2 18 46 1
CD2 3 2 17 48 1
CD2 3 2 22 44 1
CD2 3 2 16 45 1
CD2 3 2 19 51 1
CD2 3 2 16 51 1
CD2 3 2 16 58 1
CD2 3 2 21 45 1
CD3 5 2 71 84 2
CD3 5 2 78 109 2
CD3 5 2 86 86 2
CD3 5 2 75 93 2
CD3 5 2 74 89 2
CD3 5 2 79 86 2
CD3 5 2 79 98 2
CD3 5 2 71 85 2
CD3 5 2 76 108 2
CD3 5 2 73 95 2
CD4 5 2 1667 75 1
CD4 5 2 2195 63 1
CD4 5 2 1854 48 1
CD4 5 2 2130 51 1
CD4 5 2 1881 50 1
CD4 5 2 1793 51 1
CD4 5 2 1665 50 1
CD4 5 2 1712 52 1
CD4 5 2 1665 63 1
CD4 5 2 1756 61 1
CD5 4 2 253 91 2
CD5 4 2 375 98 2
CD5 4 2 314 66 2
CD5 4 2 251 67 2
CD5 4 2 255 69 2
CD5 4 2 322 70 2
CD5 4 2 301 66 2
CD5 4 2 264 100 2
CD5 4 2 256 82 2
CD5 4 2 302 70 2
CD6 6 5 135 1798 11
CD6 6 5 176 1766 11
CD6 6 5 144 1766 11
CD6 6 5 162 1785 11
CD6 6 5 170 1757 11
CD6 6 5 146 1768 11
CD6 6 5 154 1779 11
CD6 6 5 142 1784 11
CD6 6 5 152 1844 11
CD6 6 5 140 1749 11
CD7 6 5 120 955 2
CD7 6 5 118 966 2
CD7 6 5 123 1026 2
CD7 6 5 150 900 2
CD7 6 5 122 912 2
CD7 6 5 145 861 2
CD7 6 5 120 903 2
CD7 6 5 123 933 2
CD7 6 5 189 901 2
CD7 6 5 123 905 2
LS1 1 1 13 195 1159
LS1 1 1 14 260 1159
LS1 1 1 17 222 1159
LS1 1 1 22 250 1159
LS1 1 1 20 305 1159
LS1 1 1 14 197 1159
LS1 1 1 15 203 1159
LS1 1 1 16 255 1159
LS1 1 1 18 311 1159
LS1 1 1 12 198 1159
LS2 -1 -1 12 242 333
LS2 -1 -1 12 231 333
LS2 -1 -1 13 385 333
LS2 -1 -1 13 212 333
LS2 -1 -1 12 190 333
LS2 -1 -1 13 247 333
LS2 -1 -1 13 226 333
LS2 -1 -1 12 399 333
LS2 -1 -1 16 420 333
LS2 -1 -1 14 392 333
LS3 5 2 153 12420 9054
LS3 5 2 172 12310 9054
LS3 5 2 182 12584 9054
LS3 5 2 146 12504 9054
LS3 5 2 169 12578 9054
LS3 5 2 147 12615 9054
LS3 5 2 147 12789 9054
LS3 5 2 162 12974 9054
LS3 5 2 158 12859 9054
LS3 5 2 150 12826 9054
LS4 7 2 60 398 3
LS4 7 2 50 54 3
LS4 7 2 63 49 3
LS4 7 2 48 61 3
LS4 7 2 60 65 3
LS4 7 2 51 59 3
LS4 7 2 52 53 3
LS4 7 2 46 61 3
LS4 7 2 54 90 3
LS4 7 2 53 49 3
LS5 7 4 119 3270 393
LS5 7 4 139 2776 393
LS5 7 4 125 2828 393
LS5 7 4 152 2780 393
LS5 7 4 144 2733 393
LS5 7 4 132 2747 393
LS5 7 4 127 2535 393
LS5 7 4 139 2739 393
LS5 7 4 117 2647 393
LS5 7 4 119 2701 393
LS6 5 2 49 1566 28
LS6 5 2 48 175 28
LS6 5 2 40 177 28
LS6 5 2 45 185 28
LS6 5 2 45 177 28
LS6 5 2 49 149 28
LS6 5 2 48 177 28
LS6 5 2 48 162 28
LS6 5 2 43 159 28
LS6 5 2 41 165 28
LS7 5 3 33 1568 144
LS7 5 3 43 1231 144
LS7 5 3 32 1235 144
LS7 5 3 39 1130 144
LS7 5 3 34 1179 144
LS7 5 3 32 1193 144
LS7 5 3 31 1165 144
LS7 5 3 38 1155 144
LS7 5 3 37 1147 144
LS7 5 3 37 1131 144
