LD1 8 7 395 980 309
LD1 8 7 12 569 309
LD1 8 7 11 553 309
LD1 8 7 13 546 309
LD1 8 7 12 505 309
LD1 8 7 12 573 309
LD1 8 7 11 556 309
LD1 8 7 12 610 309
LD1 8 7 12 577 309
LD1 8 7 13 567 309
LD2 3 1 219 322 185
LD2 3 1 8 87 185
LD2 3 1 8 100 185
LD2 3 1 7 105 185
LD2 3 1 9 94 185
LD2 3 1 7 99 185
LD2 3 1 8 94 185
LD2 3 1 8 83 185
LD2 3 1 8 108 185
LD2 3 1 8 98 185
LD3 16 15 351 1093 162
LD3 16 15 13 876 162
LD3 16 15 14 877 162
LD3 16 15 13 862 162
LD3 16 15 13 846 162
LD3 16 15 12 830 162
LD3 16 15 12 816 162
LD3 16 15 13 830 162
LD3 16 15 12 838 162
LD3 16 15 14 931 162
LD4 5 1 401 442 50
LD4 5 1 8 62 50
LD4 5 1 8 54 50
LD4 5 1 8 57 50
LD4 5 1 8 60 50
LD4 5 1 8 59 50
LD4 5 1 8 61 50
LD4 5 1 8 66 50
LD4 5 1 8 57 50
LD4 5 1 7 62 50
LD5 5 4 253 362 28
LD5 5 4 12 105 28
LD5 5 4 11 99 28
LD5 5 4 12 115 28
LD5 5 4 11 102 28
LD5 5 4 11 106 28
LD5 5 4 12 99 28
LD5 5 4 12 103 28
LD5 5 4 12 101 28
LD5 5 4 10 101 28
LD6 14 13 120 286 39
LD6 14 13 14 137 39
LD6 14 13 13 209 39
LD6 14 13 14 160 39
LD6 14 13 15 193 39
LD6 14 13 15 150 39
LD6 14 13 14 123 39
LD6 14 13 12 128 39
LD6 14 13 13 155 39
LD6 14 13 12 133 39
LD7 3 3 211 1272 1216
LD7 3 3 11 862 1216
LD7 3 3 10 805 1216
LD7 3 3 10 731 1216
LD7 3 3 10 724 1216
LD7 3 3 12 696 1216
LD7 3 3 12 656 1216
LD7 3 3 11 656 1216
LD7 3 3 10 663 1216
LD7 3 3 12 646 1216
LD8 15 14 300 607 22
LD8 15 14 13 393 22
LD8 15 14 13 396 22
LD8 15 14 13 412 22
LD8 15 14 13 398 22
LD8 15 14 14 389 22
LD8 15 14 12 356 22
LD8 15 14 12 374 22
LD8 15 14 13 369 22
LD8 15 14 13 330 22
LD9 3 1 202 218 1
LD9 3 1 8 23 1
LD9 3 1 8 23 1
LD9 3 1 7 24 1
LD9 3 1 8 23 1
LD9 3 1 7 22 1
LD9 3 1 8 23 1
LD9 3 1 8 23 1
LD9 3 1 8 22 1
LD9 3 1 7 23 1
LD10 10 10 249 414 3
LD10 10 10 11 251 3
LD10 10 10 10 216 3
LD10 10 10 11 240 3
LD10 10 10 11 273 3
LD10 10 10 10 222 3
LD10 10 10 10 213 3
LD10 10 10 11 221 3
LD10 10 10 11 225 3
LD10 10 10 12 200 3
LD11 15 13 475 1773 376
LD11 15 13 12 1380 376
LD11 15 13 13 1308 376
LD11 15 13 13 1351 376
LD11 15 13 14 1355 376
LD11 15 13 12 1373 376
LD11 15 13 14 1329 376
LD11 15 13 13 1269 376
LD11 15 13 15 1410 376
LD11 15 13 12 1308 376
CD1 11 11 204 297 90
CD1 11 11 11 91 90
CD1 11 11 12 104 90
CD1 11 11 13 85 90
CD1 11 11 12 94 90
CD1 11 11 11 86 90
CD1 11 11 12 91 90
CD1 11 11 11 101 90
CD1 11 11 12 82 90
CD1 11 11 11 75 90
CD2 3 1 181 208 1
CD2 3 1 12 39 1
CD2 3 1 13 39 1
CD2 3 1 11 47 1
CD2 3 1 12 40 1
CD2 3 1 11 36 1
CD2 3 1 11 39 1
CD2 3 1 13 39 1
CD2 3 1 12 39 1
CD2 3 1 11 39 1
CD3 12 10 126 266 2
CD3 12 10 13 215 2
CD3 12 10 11 129 2
CD3 12 10 13 185 2
CD3 12 10 12 119 2
CD3 12 10 12 121 2
CD3 12 10 12 116 2
CD3 12 10 14 179 2
CD3 12 10 13 158 2
CD3 12 10 14 130 2
CD4 19 18 118 264 1
CD4 19 18 12 217 1
CD4 19 18 14 189 1
CD4 19 18 14 194 1
CD4 19 18 13 213 1
CD4 19 18 12 225 1
CD4 19 18 13 223 1
CD4 19 18 14 224 1
CD4 19 18 13 234 1
CD4 19 18 15 211 1
CD5 11 10 358 462 2
CD5 11 10 13 106 2
CD5 11 10 12 101 2
CD5 11 10 12 127 2
CD5 11 10 13 107 2
CD5 11 10 13 103 2
CD5 11 10 11 117 2
CD5 11 10 13 97 2
CD5 11 10 11 99 2
CD5 11 10 13 126 2
CD6 9 9 329 1569 11
CD6 9 9 16 1222 11
CD6 9 9 13 1234 11
CD6 9 9 12 1144 11
CD6 9 9 13 1051 11
CD6 9 9 12 1040 11
CD6 9 9 14 1094 11
CD6 9 9 13 1051 11
CD6 9 9 12 1028 11
CD6 9 9 13 996 11
CD7 13 13 321 1315 2
CD7 13 13 12 1525 2
CD7 13 13 13 1327 2
CD7 13 13 14 1240 2
CD7 13 13 11 1472 2
CD7 13 13 12 1132 2
CD7 13 13 13 1138 2
CD7 13 13 16 999 2
CD7 13 13 12 1245 2
CD7 13 13 13 1107 2
LS1 1 1 417 688 1159
LS1 1 1 7 228 1159
LS1 1 1 7 318 1159
LS1 1 1 7 274 1159
LS1 1 1 8 237 1159
LS1 1 1 8 228 1159
LS1 1 1 7 234 1159
LS1 1 1 7 224 1159
LS1 1 1 7 225 1159
LS1 1 1 8 209 1159
LS2 11 11 95 370 333
LS2 11 11 11 254 333
LS2 11 11 12 193 333
LS2 11 11 12 260 333
LS2 11 11 13 237 333
LS2 11 11 12 266 333
LS2 11 11 12 230 333
LS2 11 11 12 285 333
LS2 11 11 11 277 333
LS2 11 11 12 322 333
LS3 12 10 1267 8309 9054
LS3 12 10 12 7270 9054
LS3 12 10 12 7981 9054
LS3 12 10 12 7793 9054
LS3 12 10 12 7422 9054
LS3 12 10 13 7246 9054
LS3 12 10 13 7858 9054
LS3 12 10 15 7601 9054
LS3 12 10 13 7653 9054
LS3 12 10 13 7574 9054
LS4 7 2 981 1033 3
LS4 7 2 13 47 3
LS4 7 2 13 51 3
LS4 7 2 14 48 3
LS4 7 2 13 49 3
LS4 7 2 13 44 3
LS4 7 2 13 46 3
LS4 7 2 15 54 3
LS4 7 2 12 43 3
LS4 7 2 13 48 3
LS5 10 8 452 3472 393
LS5 10 8 14 2872 393
LS5 10 8 14 3195 393
LS5 10 8 13 3164 393
LS5 10 8 12 3270 393
LS5 10 8 14 3309 393
LS5 10 8 14 3281 393
LS5 10 8 14 3296 393
LS5 10 8 13 3264 393
LS5 10 8 13 3289 393
LS6 9 7 12 300007 28
LS6 9 7 13 304730 28
LS6 9 7 11 288983 28
LS6 9 7 12 270411 28
LS6 9 7 12 259321 28
LS6 9 7 14 296504 28
LS6 9 7 12 258996 28
LS6 9 7 13 265907 28
LS6 9 7 12 268405 28
LS6 9 7 11 296145 28
LS7 6 5 275 3388 144
LS7 6 5 15 3062 144
LS7 6 5 15 3051 144
LS7 6 5 14 3075 144
LS7 6 5 14 3066 144
LS7 6 5 15 3086 144
LS7 6 5 14 3043 144
LS7 6 5 14 3027 144
LS7 6 5 14 3095 144
LS7 6 5 14 3075 144
