LD1 8 7 394 813 309
LD1 8 7 184 582 309
LD1 8 7 107 458 309
LD1 8 7 85 501 309
LD1 8 7 87 504 309
LD1 8 7 77 482 309
LD1 8 7 81 568 309
LD1 8 7 98 506 309
LD1 8 7 87 501 309
LD1 8 7 73 448 309
LD2 3 1 323 399 185
LD2 2 1 103 176 185
LD2 3 1 94 181 185
LD2 3 1 69 147 185
LD2 3 1 77 167 185
LD2 3 1 75 157 185
LD2 3 1 82 160 185
LD2 3 1 71 154 185
LD2 3 1 87 168 185
LD2 3 1 76 158 185
LD3 16 15 346 1062 162
LD3 16 15 149 854 162
LD3 16 15 98 737 162
LD3 16 15 104 742 162
LD3 16 15 98 788 162
LD3 16 15 92 728 162
LD3 16 15 115 815 162
LD3 16 15 182 983 162
LD3 16 15 98 705 162
LD3 16 15 111 675 162
LD4 5 1 180 225 50
LD4 5 1 120 172 50
LD4 4 1 149 198 50
LD4 5 1 109 150 50
LD4 5 1 203 246 50
LD4 5 1 119 166 50
LD4 4 1 128 172 50
LD4 5 1 107 151 50
LD4 5 1 109 156 50
LD4 5 1 101 152 50
LD5 5 4 94 218 28
LD5 5 4 90 189 28
LD5 5 4 73 188 28
LD5 5 4 100 192 28
LD5 5 4 108 252 28
LD5 5 4 92 177 28
LD5 5 4 99 228 28
LD5 5 4 80 190 28
LD5 5 4 90 221 28
LD5 5 4 80 180 28
LD6 14 13 139 316 39
LD6 14 13 129 265 39
LD6 14 13 129 318 39
LD6 14 13 112 236 39
LD6 14 13 143 247 39
LD6 14 13 113 242 39
LD6 14 13 165 264 39
LD6 14 13 118 239 39
LD6 14 13 113 245 39
LD6 14 13 124 259 39
LD7 3 3 200 1616 1216
LD7 3 3 62 1350 1216
LD7 3 3 69 1217 1216
LD7 3 3 73 1170 1216
LD7 3 3 66 1174 1216
LD7 3 3 62 1266 1216
LD7 3 3 70 1204 1216
LD7 3 3 60 1211 1216
LD7 3 3 64 1143 1216
LD7 3 3 81 1178 1216
LD8 15 14 183 504 22
LD8 15 14 137 414 22
LD8 15 14 117 411 22
LD8 14 13 127 402 22
LD8 15 14 114 407 22
LD8 14 13 116 404 22
LD8 15 14 99 433 22
LD8 15 14 114 378 22
LD8 15 14 144 421 22
LD8 15 14 133 422 22
LD9 3 1 87 101 1
LD9 3 1 82 96 1
LD9 3 1 89 103 1
LD9 3 1 77 92 1
LD9 3 1 71 86 1
LD9 3 1 91 105 1
LD9 3 1 110 123 1
LD9 3 1 90 103 1
LD9 3 1 84 99 1
LD9 3 1 103 118 1
LD10 10 10 90 323 3
LD10 10 10 80 261 3
LD10 10 10 90 301 3
LD10 10 10 88 262 3
LD10 10 10 72 251 3
LD10 10 10 80 254 3
LD10 10 10 98 269 3
LD10 10 10 88 253 3
LD10 10 10 88 252 3
LD10 10 10 82 282 3
LD11 15 13 383 1203 376
LD11 15 13 211 897 376
LD11 15 13 196 843 376
LD11 15 13 108 976 376
LD11 15 13 127 1009 376
LD11 15 13 116 876 376
LD11 15 13 132 837 376
LD11 15 13 125 1038 376
LD11 15 13 120 838 376
LD11 15 13 114 941 376
CD1 11 11 105 237 90
CD1 11 11 84 176 90
CD1 11 11 80 144 90
CD1 11 11 73 175 90
CD1 11 11 97 204 90
CD1 11 11 89 186 90
CD1 11 11 92 187 90
CD1 11 11 102 189 90
CD1 11 11 109 220 90
CD1 11 11 79 179 90
CD2 3 1 157 182 1
CD2 3 1 104 132 1
CD2 3 1 89 113 1
CD2 3 1 86 111 1
CD2 3 1 105 130 1
CD2 3 1 72 96 1
CD2 3 1 82 106 1
CD2 3 1 86 111 1
CD2 3 1 95 119 1
CD2 3 1 102 126 1
CD3 12 10 120 275 2
CD3 12 10 111 263 2
CD3 12 10 115 239 2
CD3 12 10 109 234 2
CD3 12 10 112 281 2
CD3 12 10 115 251 2
CD3 12 10 106 254 2
CD3 12 10 155 255 2
CD3 12 10 101 210 2
CD3 12 10 115 233 2
CD4 19 18 475 628 1
CD4 19 18 207 331 1
CD4 18 17 145 285 1
CD4 19 18 131 280 1
CD4 18 17 136 291 1
CD4 19 18 97 238 1
CD4 19 18 114 269 1
CD4 19 18 110 259 1
CD4 19 18 116 263 1
CD4 19 18 118 269 1
CD5 11 10 392 500 2
CD5 11 10 102 211 2
CD5 11 10 103 217 2
CD5 11 10 103 227 2
CD5 11 10 116 214 2
CD5 11 10 102 203 2
CD5 11 10 103 227 2
CD5 11 10 97 188 2
CD5 11 10 102 191 2
CD5 11 10 112 232 2
CD6 9 9 380 1383 11
CD6 9 9 163 923 11
CD6 9 9 201 922 11
CD6 9 9 197 877 11
CD6 9 9 193 830 11
CD6 9 9 195 868 11
CD6 9 9 208 813 11
CD6 9 9 185 806 11
CD6 9 9 105 789 11
CD6 9 9 184 846 11
CD7 13 13 278 1196 2
CD7 13 13 162 961 2
CD7 13 13 101 984 2
CD7 13 13 99 915 2
CD7 13 13 89 1121 2
CD7 13 13 92 959 2
CD7 13 13 112 1034 2
CD7 13 13 104 914 2
CD7 13 13 107 943 2
CD7 13 13 107 1042 2
LS1 1 1 418 667 1159
LS1 1 1 64 251 1159
LS1 1 1 51 239 1159
LS1 1 1 67 286 1159
LS1 1 1 60 278 1159
LS1 1 1 56 263 1159
LS1 1 1 60 261 1159
LS1 1 1 68 256 1159
LS1 1 1 52 253 1159
LS1 1 1 57 326 1159
LS2 11 11 91 303 333
LS2 11 11 105 289 333
LS2 11 11 77 276 333
LS2 11 11 82 296 333
LS2 11 11 88 280 333
LS2 11 11 79 273 333
LS2 11 11 85 268 333
LS2 11 11 85 287 333
LS2 11 11 81 322 333
LS2 11 11 95 286 333
LS3 12 10 740 7608 9054
LS3 12 10 167 8256 9054
LS3 12 10 154 7406 9054
LS3 12 10 191 8153 9054
LS3 12 10 152 8448 9054
LS3 12 10 178 8276 9054
LS3 12 10 139 8248 9054
LS3 12 10 170 8141 9054
LS3 12 10 177 7928 9054
LS3 12 10 148 8077 9054
LS4 7 2 993 1069 3
LS4 7 2 262 294 3
LS4 7 2 176 255 3
LS4 7 2 193 226 3
LS4 7 2 191 229 3
LS4 7 2 207 246 3
LS4 7 2 170 205 3
LS4 7 2 202 264 3
LS4 7 2 274 305 3
LS4 7 2 137 169 3
LS5 10 8 531 3661 393
LS5 10 8 384 3733 393
LS5 10 8 396 3736 393
LS5 10 8 376 3666 393
LS5 10 8 353 3156 393
LS5 10 8 346 3288 393
LS5 10 8 374 3190 393
LS5 10 8 347 3493 393
LS5 10 8 314 3642 393
LS5 10 8 379 3556 393
LS6 9 7 261 262289 28
LS6 9 7 120 260164 28
LS6 9 7 111 310664 28
LS6 9 7 119 270661 28
LS6 9 7 123 303533 28
LS6 9 7 117 282752 28
LS6 9 7 123 260935 28
LS6 9 7 112 276535 28
LS6 9 7 118 260521 28
LS6 9 7 103 256743 28
LS7 6 5 479 3272 144
LS7 6 5 115 2743 144
LS7 6 5 140 2699 144
LS7 6 5 107 2674 144
LS7 6 5 131 2722 144
LS7 6 5 113 2666 144
LS7 6 5 125 2685 144
LS7 6 5 138 2740 144
LS7 6 5 121 2697 144
LS7 6 5 115 2730 144
