LD1 114 354 309
LD1 140 385 309
LD1 151 375 309
LD1 152 379 309
LD1 174 404 309
LD1 191 432 309
LD1 205 426 309
LD1 189 461 309
LD1 223 474 309
LD1 245 477 309
LD2 102 310 185
LD2 97 309 185
LD2 131 328 185
LD2 100 319 185
LD2 37 238 185
LD2 40 240 185
LD2 34 230 185
LD2 38 232 185
LD2 38 229 185
LD2 38 246 185
LD3 388 608 162
LD3 380 595 162
LD3 417 666 162
LD3 514 709 162
LD3 491 707 162
LD3 464 671 162
LD3 519 743 162
LD3 400 616 162
LD3 454 657 162
LD3 411 609 162
LD4 54 242 50
LD4 64 243 50
LD4 64 254 50
LD4 65 238 50
LD4 54 229 50
LD4 56 206 50
LD4 60 239 50
LD4 57 214 50
LD4 57 276 50
LD4 59 243 50
LD5 319 568 28
LD5 330 477 28
LD5 340 474 28
LD5 384 528 28
LD5 411 555 28
LD5 359 518 28
LD5 359 494 28
LD5 425 567 28
LD5 452 599 28
LD5 402 542 28
LD6 710 1144 39
LD6 594 917 39
LD6 578 908 39
LD6 607 930 39
LD6 716 1007 39
LD6 672 1031 39
LD6 700 959 39
LD6 712 1032 39
LD6 751 1089 39
LD6 819 1139 39
LD7 234 1490 1216
LD7 299 1465 1216
LD7 324 1414 1216
LD7 252 1397 1216
LD7 252 1317 1216
LD7 274 1328 1216
LD7 260 1305 1216
LD7 306 1368 1216
LD7 266 1462 1216
LD7 308 1498 1216
LD8 699 1385 22
LD8 810 1361 22
LD8 756 1314 22
LD8 739 1270 22
LD8 769 1372 22
LD8 736 1295 22
LD8 788 1377 22
LD8 773 1329 22
LD8 807 1374 22
LD8 725 1238 22
LD9 393 550 1
LD9 434 557 1
LD9 372 487 1
LD9 419 570 1
LD9 460 581 1
LD9 469 587 1
LD9 419 541 1
LD9 403 522 1
LD9 417 541 1
LD9 414 538 1
LD10 746 1142 3
LD10 753 1144 3
LD10 796 1153 3
LD10 716 1034 3
LD10 827 1170 3
LD10 839 1176 3
LD10 794 1150 3
LD10 780 1133 3
LD10 853 1224 3
LD10 832 1211 3
LD11 967 2636 376
LD11 1018 2558 376
LD11 1021 2456 376
LD11 968 2330 376
LD11 959 2297 376
LD11 977 2376 376
LD11 977 2316 376
LD11 952 2367 376
LD11 1004 2410 376
LD11 1036 2418 376
CD1 1127 1244 90
CD1 924 1168 90
CD1 883 1135 90
CD1 912 1136 90
CD1 893 1112 90
CD1 936 1174 90
CD1 930 1179 90
CD1 964 1190 90
CD1 1096 1337 90
CD1 951 1204 90
CD2 468 738 1
CD2 483 669 1
CD2 458 658 1
CD2 461 636 1
CD2 473 641 1
CD2 539 716 1
CD2 432 605 1
CD2 537 707 1
CD2 489 673 1
CD2 489 658 1
CD3 980 1295 2
CD3 1074 1325 2
CD3 1042 1305 2
CD3 1167 1485 2
CD3 1053 1311 2
CD3 1159 1436 2
CD3 1092 1350 2
CD3 1134 1396 2
CD3 1104 1361 2
CD3 1117 1371 2
CD4 2422 2909 1
CD4 2570 2907 1
CD4 2555 2906 1
CD4 2545 2871 1
CD4 2516 2848 1
CD4 2749 3069 1
CD4 2617 2958 1
CD4 2745 3066 1
CD4 2727 3060 1
CD4 2615 2943 1
CD5 1067 1334 2
CD5 1128 1377 2
CD5 1053 1287 2
CD5 1180 1423 2
CD5 1169 1423 2
CD5 1280 1499 2
CD5 1141 1381 2
CD5 1180 1431 2
CD5 1176 1413 2
CD5 1190 1437 2
CD6 1820 3603 11
CD6 1839 3173 11
CD6 1838 3118 11
CD6 1848 3062 11
CD6 1825 3084 11
CD6 1945 3143 11
CD6 1780 2934 11
CD6 2013 3116 11
CD6 1990 3127 11
CD6 1920 3021 11
CD7 1711 2915 1
CD7 1588 2616 1
CD7 1587 2494 1
CD7 1656 2494 1
CD7 1549 2387 1
CD7 1582 2346 1
CD7 1713 2586 1
CD7 1586 2377 1
CD7 1721 2532 1
CD7 1575 2353 1
LS1 38 346 1159
LS1 39 405 1159
LS1 40 352 1159
LS1 37 369 1159
LS1 38 396 1159
LS1 34 398 1159
LS1 39 442 1159
LS1 38 377 1159
LS1 38 423 1159
LS1 42 416 1159
LS2 1490 1720 333
LS2 1104 1464 333
LS2 1349 1677 333
LS2 1059 1409 333
LS2 1186 1561 333
LS2 1258 1601 333
LS2 1210 1557 333
LS2 1279 1627 333
LS2 1169 1522 333
LS2 1033 1390 333
LS3 1572 12312 9054
LS3 1555 11793 9054
LS3 1600 11676 9054
LS3 1666 11881 9054
LS3 1628 12015 9054
LS3 1538 11845 9054
LS3 1584 11718 9054
LS3 1577 11828 9054
LS3 1580 11849 9054
LS3 1952 12289 9054
LS4 109 400 3
LS4 116 280 3
LS4 103 278 3
LS4 108 291 3
LS4 100 260 3
LS4 114 351 3
LS4 116 305 3
LS4 110 277 3
LS4 104 264 3
LS4 123 307 3
LS5 1181 4947 393
LS5 1192 4448 393
LS5 1302 4645 393
LS5 1259 4519 393
LS5 1172 4529 393
LS5 1330 4647 393
LS5 1190 4522 393
LS5 1200 4511 393
LS5 1158 4493 393
LS5 1142 4437 393
LS6 1350 43104 1
LS6 1290 43382 1
LS6 1411 43646 1
LS6 1396 43170 1
LS6 1480 42848 1
LS6 1441 43178 1
LS6 1331 43000 1
LS6 1415 43235 1
LS6 1471 42801 1
LS6 1531 43300 1
LS7 1452 3854 144
LS7 1580 3778 144
LS7 1396 3685 144
LS7 1418 3620 144
LS7 1499 3722 144
LS7 1533 3702 144
LS7 1534 3727 144
LS7 1407 3474 144
LS7 1406 3528 144
LS7 1513 3662 144
