LD1 3185 4315 309
LD1 2840 3851 309
LD1 2892 3851 288
LD1 2793 3780 309
LD1 2754 3692 309
LD1 2884 3879 309
LD1 2879 3925 309
LD1 2714 3711 309
LD1 2916 3885 309
LD1 2660 3645 309
LD2 1803 2026 185
LD2 1486 1682 185
LD2 1635 1865 185
LD2 1662 1881 185
LD2 1613 1815 185
LD2 1551 1750 185
LD2 1493 1687 185
LD2 1466 1654 185
LD2 1476 1694 185
LD2 1493 1715 185
LD3 4055 5561 162
LD3 4083 5358 162
LD3 3941 5152 162
LD3 3895 5189 162
LD3 4016 5250 161
LD3 3979 5238 162
LD3 3992 5249 162
LD3 4150 5342 162
LD3 4341 5597 162
LD3 3894 5137 162
LD4 2198 2380 50
LD4 2036 2244 50
LD4 1928 2099 50
LD4 2052 2252 50
LD4 2006 2201 50
LD4 1980 2214 50
LD4 2076 2273 50
LD4 1920 2078 50
LD4 1922 2090 50
LD4 1987 2166 50
LD5 3285 3567 28
LD5 3028 3317 28
LD5 3264 3548 28
LD5 3147 3437 28
LD5 2921 3198 28
LD5 3225 3516 28
LD5 3294 3592 28
LD5 2960 3227 28
LD5 2992 3269 28
LD5 3236 3539 28
LD6 5254 5603 39
LD6 4309 4612 39
LD6 4183 4474 39
LD6 4553 4866 39
LD6 4229 4531 39
LD6 4368 4694 39
LD6 4521 4843 39
LD6 4711 5018 39
LD6 4152 4484 39
LD6 4512 4814 39
LD7 1325 2681 1216
LD7 858 2101 1216
LD7 903 2069 1216
LD7 968 2146 1216
LD7 920 2187 1216
LD7 891 2214 1222
LD7 883 2031 1200
LD7 936 2170 1216
LD7 939 2189 1213
LD7 871 2093 1216
LD8 4971 1800040.00 0
LD8 4401 1800040.00 0
LD8 4971 1800040.00 0
LD8 4401 1800040.00 0
LD8 4971 1800040.00 0
LD8 4401 1800040.00 0
LD8 4971 1800040.00 0
LD8 4401 1800040.00 0
LD8 4971 1800040.00 0
LD8 4401 1800040.00 0
LD9 3568 3697 1
LD9 3478 3625 1
LD9 3313 3437 1
LD9 3288 3413 1
LD9 3557 3713 1
LD9 3374 3522 1
LD9 3517 3658 1
LD9 3502 3627 1
LD9 3414 3549 1
LD9 3274 3399 1
LD10 3353 3811 3
LD10 3257 3682 3
LD10 3310 3749 3
LD10 3320 3732 3
LD10 3367 3821 3
LD10 3394 3803 3
LD10 3518 3969 3
LD10 3190 3598 3
LD10 3115 3526 3
LD10 3358 3789 3
LD11 6233 8637 376
LD11 5870 8124 376
LD11 5693 7922 376
LD11 5503 7665 376
LD11 5581 7852 377
LD11 5515 7947 376
LD11 5810 8042 376
LD11 5866 8275 376
LD11 5798 8081 376
LD11 5565 7896 374
CD1 3225 3529 90
CD1 3401 3705 90
CD1 3270 3517 90
CD1 3442 3728 90
CD1 3165 3433 90
CD1 3247 3528 90
CD1 3321 3607 90
CD1 3200 3480 90
CD1 3356 3625 90
CD1 3257 3546 90
CD2 2220 2389 1
CD2 1874 2033 1
CD2 1854 2011 1
CD2 1900 2056 1
CD2 2000 2150 1
CD2 1897 2063 1
CD2 1877 2021 1
CD2 1873 2031 1
CD2 1941 2109 1
CD2 2035 2223 1
CD3 4440 4750 2
CD3 4186 4473 2
CD3 4415 4706 2
CD3 4525 4825 2
CD3 4465 4792 2
CD3 4357 4638 2
CD3 4244 4545 2
CD3 4203 4486 2
CD3 4228 4534 2
CD3 4292 4567 2
CD4 4471 4922 1
CD4 4084 4453 1
CD4 4092 4440 1
CD4 3988 4313 1
CD4 4025 4367 1
CD4 4083 4460 1
CD4 4116 4455 1
CD4 3921 4267 1
CD4 4087 4402 1
CD4 4401 4721 1
CD5 4749 5029 2
CD5 4324 4582 2
CD5 4170 4435 2
CD5 4413 4674 2
CD5 4018 4270 2
CD5 3985 4264 2
CD5 4160 4460 2
CD5 3893 4142 2
CD5 4158 4435 2
CD5 4341 4618 2
CD6 3362 5016 11
CD6 2662 4197 11
CD6 2490 4059 11
CD6 2657 4146 11
CD6 2664 4177 11
CD6 2431 3927 11
CD6 2363 3915 11
CD6 2571 4047 8
CD6 2465 3936 11
CD6 2519 4013 11
CD7 2507 4276 2
CD7 2623 4272 2
CD7 2736 4427 2
CD7 2514 4314 2
CD7 2721 4436 2
CD7 2472 4216 2
CD7 2432 4175 2
CD7 2723 4402 2
CD7 2478 4171 2
CD7 2506 4232 2
LS1 1126 1496 1159
LS1 930 1276 1159
LS1 987 1362 1159
LS1 896 1284 1159
LS1 925 1298 1159
LS1 982 1357 1159
LS1 974 1352 1159
LS1 972 1340 1159
LS1 969 1350 1159
LS1 1023 1377 1159
LS2 2416 2889 333
LS2 2591 3113 333
LS2 2675 3035 333
LS2 2651 3099 333
LS2 2705 3157 333
LS2 2422 2891 333
LS2 2465 2988 333
LS2 2581 3098 333
LS2 2473 2951 333
LS2 2461 2941 333
LS3 4049 1800030.00 0
LS3 3022 1800030.00 0
LS3 4049 1800030.00 0
LS3 3022 1800030.00 0
LS3 4049 1800030.00 0
LS3 3022 1800030.00 0
LS3 4049 1800030.00 0
LS3 3022 1800030.00 0
LS3 4049 1800030.00 0
LS3 3022 1800030.00 0
LS4 3022 3190 3
LS4 1788 1961 3
LS4 1889 2107 3
LS4 1863 2024 3
LS4 1796 1973 3
LS4 1887 2065 3
LS4 1925 2116 3
LS4 1867 2057 3
LS4 1790 1962 3
LS4 1882 2085 3
LS5 2359 5227 389
LS5 2295 5121 393
LS5 2333 5053 389
LS5 2347 5133 388
LS5 2080 4837 393
LS5 2312 5175 393
LS5 2085 4906 393
LS5 2183 4944 393
LS5 2252 5087 389
LS5 2164 4952 390
LS6 2140 1800200.00 0
LS6 1981 1800090.00 0
LS6 2140 1800200.00 0
LS6 1981 1800090.00 0
LS6 2140 1800200.00 0
LS6 1981 1800090.00 0
LS6 2140 1800200.00 0
LS6 1981 1800090.00 0
LS6 2140 1800200.00 0
LS6 1981 1800090.00 0
LS7 2070 7219 144
LS7 1488 5845 144
LS7 1820 6882 146
LS7 1581 7748 144
LS7 1748 6075 144
LS7 1692 6828 144
LS7 1817 7035 144
LS7 1512 6276 144
LS7 1659 6109 144
LS7 1581 6812 144
