LD1 281 4340 309
LD1 313 712 309
LD1 283 730 309
LD1 287 781 309
LD1 284 722 309
LD1 288 726 309
LD1 305 747 309
LD1 284 752 309
LD1 288 707 309
LD1 302 750 309
LD2 13 186 185
LD2 13 182 185
LD2 12 182 185
LD2 12 177 185
LD2 12 187 185
LD2 11 174 185
LD2 13 197 185
LD2 11 195 185
LD2 16 183 185
LD2 12 186 185
LD3 224 253 162
LD3 223 230 162
LD3 236 232 162
LD3 229 227 162
LD3 234 226 162
LD3 221 239 162
LD3 223 241 162
LD3 230 229 162
LD3 228 234 162
LD3 229 256 162
LD4 121 99 50
LD4 132 97 50
LD4 118 98 50
LD4 117 94 50
LD4 122 97 50
LD4 129 101 50
LD4 122 96 50
LD4 121 95 50
LD4 123 110 50
LD4 124 111 50
LD5 83 62 28
LD5 94 70 28
LD5 85 61 28
LD5 91 55 28
LD5 90 60 28
LD5 90 57 28
LD5 85 63 28
LD5 88 71 28
LD5 85 58 28
LD5 85 60 28
LD6 326 145 39
LD6 311 157 39
LD6 309 142 39
LD6 310 140 39
LD6 312 165 39
LD6 322 146 39
LD6 318 143 39
LD6 314 149 39
LD6 314 140 39
LD6 313 147 39
LD7 47 638 1216
LD7 54 621 1216
LD7 48 583 1216
LD7 49 641 1216
LD7 48 582 1216
LD7 48 643 1216
LD7 48 626 1216
LD7 48 615 1216
LD7 49 637 1216
LD7 47 614 1216
LD8 275 1361 22
LD8 299 230 22
LD8 306 217 22
LD8 295 230 22
LD8 292 260 22
LD8 274 231 22
LD8 272 221 22
LD8 274 219 22
LD8 295 224 22
LD8 271 224 22
LD9 369 36 1
LD9 364 37 1
LD9 360 38 1
LD9 346 36 1
LD9 375 36 1
LD9 341 37 1
LD9 361 37 1
LD9 355 37 1
LD9 371 38 1
LD9 345 36 1
LD10 245 64 3
LD10 232 57 3
LD10 227 59 3
LD10 229 65 3
LD10 233 58 3
LD10 224 63 3
LD10 226 60 3
LD10 234 68 3
LD10 239 69 3
LD10 242 59 3
LD11 495 445 376
LD11 487 426 376
LD11 482 426 376
LD11 498 450 376
LD11 485 434 376
LD11 486 429 376
LD11 489 430 376
LD11 484 448 376
LD11 489 431 376
LD11 506 454 376
CD1 0 130 90
CD1 0 124 90
CD1 0 142 90
CD1 0 138 90
CD1 0 139 90
CD1 0 138 90
CD1 1 135 90
CD1 0 122 90
CD1 0 136 90
CD1 0 148 90
CD2 44 64 1
CD2 44 64 1
CD2 36 51 1
CD2 38 50 1
CD2 39 51 1
CD2 38 51 1
CD2 36 52 1
CD2 36 50 1
CD2 37 52 1
CD2 36 51 1
CD3 162 525 2
CD3 169 535 2
CD3 168 518 2
CD3 165 551 2
CD3 164 527 2
CD3 166 501 2
CD3 171 527 2
CD3 168 521 2
CD3 163 516 2
CD3 165 528 2
CD4 1287 67 1
CD4 1287 63 1
CD4 1304 71 1
CD4 1285 62 1
CD4 1297 58 1
CD4 1307 59 1
CD4 1321 72 1
CD4 1286 60 1
CD4 1283 63 1
CD4 1274 62 1
CD5 298 81 2
CD5 283 85 2
CD5 268 73 2
CD5 279 71 2
CD5 295 69 2
CD5 299 78 2
CD5 301 70 2
CD5 280 67 2
CD5 285 69 2
CD5 291 73 2
CD6 294 1178 11
CD6 314 1136 11
CD6 298 1142 11
CD6 290 1118 11
CD6 292 1129 11
CD6 297 1111 11
CD6 296 1188 11
CD6 293 1085 11
CD6 295 1063 11
CD6 285 1078 11
CD7 236 721 2
CD7 237 746 2
CD7 241 749 2
CD7 230 710 2
CD7 236 709 2
CD7 245 718 2
CD7 237 737 2
CD7 234 754 2
CD7 237 726 2
CD7 239 727 2
LS1 54 571 1159
LS1 58 576 1159
LS1 57 537 1159
LS1 54 595 1159
LS1 57 569 1159
LS1 57 570 1159
LS1 53 575 1159
LS1 61 555 1159
LS1 59 588 1159
LS1 61 586 1159
LS2 0 710 333
LS2 0 636 333
LS2 1 659 333
LS2 0 668 333
LS2 0 664 333
LS2 0 692 333
LS2 0 691 333
LS2 0 676 333
LS2 0 676 333
LS2 0 642 333
LS3 276 3070 9054
LS3 274 2857 9054
LS3 276 2976 9054
LS3 264 2974 9054
LS3 274 2955 9054
LS3 278 2967 9054
LS3 287 2992 9054
LS3 272 2858 9054
LS3 276 2912 9054
LS3 288 2898 9054
LS4 241 80 3
LS4 247 75 3
LS4 244 67 3
LS4 246 79 3
LS4 254 73 3
LS4 250 66 3
LS4 253 72 3
LS4 244 66 3
LS4 247 63 3
LS4 259 69 3
LS5 224 4016 393
LS5 220 3859 393
LS5 218 4039 393
LS5 226 4064 393
LS5 211 3987 393
LS5 215 3945 393
LS5 213 3913 393
LS5 213 3966 393
LS5 213 3908 393
LS5 219 3910 393
LS6 154 575 28
LS6 149 547 28
LS6 144 584 28
LS6 147 556 28
LS6 150 575 28
LS6 155 582 28
LS6 147 562 28
LS6 147 570 28
LS6 154 553 28
LS6 150 606 28
LS7 125 1456 0
LS7 114 1525 0
LS7 116 1455 0
LS7 120 1448 0
LS7 113 1456 0
LS7 113 1431 0
LS7 111 1396 0
LS7 115 1546 0
LS7 119 1460 0
LS7 111 1442 0
