LD1 2 7803 309
LD1 2 4140 309
LD1 2 3746 309
LD1 2 3759 309
LD1 2 3718 309
LD1 2 3976 309
LD1 3 3570 309
LD1 2 3924 309
LD1 2 3899 309
LD1 3 3703 309
LD2 2 230 185
LD2 2 193 185
LD2 1 208 185
LD2 2 192 185
LD2 2 181 185
LD2 2 188 185
LD2 2 235 185
LD2 2 190 185
LD2 2 195 185
LD2 2 187 185
LD3 12 36598 162
LD3 11 40663 162
LD3 11 38042 162
LD3 11 39347 162
LD3 11 37485 162
LD3 11 38614 162
LD3 12 38008 162
LD3 11 39668 162
LD3 11 38345 162
LD3 11 39708 162
LD4 24 108 50
LD4 28 103 50
LD4 24 105 50
LD4 26 103 50
LD4 27 109 50
LD4 26 100 50
LD4 23 105 50
LD4 24 110 50
LD4 24 97 50
LD4 25 103 50
LD5 3 288 28
LD5 3 230 28
LD5 2 222 28
LD5 4 263 28
LD5 3 268 28
LD5 3 249 28
LD5 3 254 28
LD5 3 308 28
LD5 2 261 28
LD5 3 236 28
LD6 28 1800000 0
LD6 24 1800000 0
LD6 28 1800000 0
LD6 24 1800000 0
LD6 28 1800000 0
LD6 24 1800000 0
LD6 28 1800000 0
LD6 24 1800000 0
LD6 28 1800000 0
LD6 24 1800000 0
LD7 1 2920 1216
LD7 1 908 1216
LD7 1 918 1216
LD7 1 947 1216
LD7 1 1049 1216
LD7 1 968 1216
LD7 1 1040 1216
LD7 1 934 1216
LD7 1 899 1216
LD7 1 959 1216
LD8 35 1800000 0
LD8 37 1800000 0
LD8 35 1800000 0
LD8 37 1800000 0
LD8 35 1800000 0
LD8 37 1800000 0
LD8 35 1800000 0
LD8 37 1800000 0
LD8 35 1800000 0
LD8 37 1800000 0
LD9 2 1800000 1
LD9 2 1800000 1
LD9 2 1800000 1
LD9 2 1800000 1
LD9 2 1800000 1
LD9 2 1800000 1
LD9 2 1800000 1
LD9 2 1800000 1
LD9 2 1800000 1
LD9 2 1800000 1
LD10 4 428 3
LD10 4 428 3
LD10 4 394 3
LD10 3 415 3
LD10 3 393 3
LD10 3 413 3
LD10 3 403 3
LD10 4 436 3
LD10 4 435 3
LD10 3 427 3
LD11 39 1800000 0
LD11 36 1800000 0
LD11 39 1800000 0
LD11 36 1800000 0
LD11 39 1800000 0
LD11 36 1800000 0
LD11 39 1800000 0
LD11 36 1800000 0
LD11 39 1800000 0
LD11 36 1800000 0
CD1 5 461 90
CD1 5 454 90
CD1 6 469 90
CD1 6 450 90
CD1 5 443 90
CD1 5 433 90
CD1 5 417 90
CD1 9 483 90
CD1 5 412 90
CD1 6 433 90
CD2 2 273 1
CD2 2 199 1
CD2 3 188 1
CD2 3 202 1
CD2 2 159 1
CD2 2 205 1
CD2 2 181 1
CD2 3 197 1
CD2 3 167 1
CD2 2 170 1
CD3 37 1800000 0
CD3 36 1800000 2
CD3 37 1800000 0
CD3 36 1800000 2
CD3 37 1800000 0
CD3 36 1800000 2
CD3 37 1800000 0
CD3 36 1800000 2
CD3 37 1800000 0
CD3 36 1800000 2
CD4 33 73297 0
CD4 32 77124 0
CD4 30 75845 0
CD4 31 79362 0
CD4 32 77710 0
CD4 30 77998 0
CD4 30 77245 0
CD4 30 76998 0
CD4 30 70960 0
CD4 37 74923 0
CD5 8 10064 2
CD5 8 10493 2
CD5 7 11294 2
CD5 8 10279 2
CD5 6 10296 2
CD5 7 9314 2
CD5 8 10355 2
CD5 7 9420 2
CD5 7 11244 2
CD5 8 10691 2
CD6 8 1800000 11
CD6 11 1800000 11
CD6 8 1800000 11
CD6 11 1800000 11
CD6 8 1800000 11
CD6 11 1800000 11
CD6 8 1800000 11
CD6 11 1800000 11
CD6 8 1800000 11
CD6 11 1800000 11
CD7 8 1800000 0
CD7 8 1800000 0
CD7 8 1800000 0
CD7 8 1800000 0
CD7 8 1800000 0
CD7 8 1800000 0
CD7 8 1800000 0
CD7 8 1800000 0
CD7 8 1800000 0
CD7 8 1800000 0
LS1 0 623 1159
LS1 1 608 1159
LS1 1 609 1159
LS1 1 571 1159
LS1 1 561 1159
LS1 0 611 1159
LS1 1 610 1159
LS1 0 603 1159
LS1 1 594 1159
LS1 0 562 1159
LS2 5 2142 333
LS2 5 736 333
LS2 5 686 333
LS2 5 625 333
LS2 4 545 333
LS2 5 693 333
LS2 5 644 333
LS2 5 675 333
LS2 5 641 333
LS2 5 674 333
LS3 24 1800000 0
LS3 24 1800000 0
LS3 24 1800000 0
LS3 24 1800000 0
LS3 24 1800000 0
LS3 24 1800000 0
LS3 24 1800000 0
LS3 24 1800000 0
LS3 24 1800000 0
LS3 24 1800000 0
LS4 145 1800000 0
LS4 145 1800000 0
LS4 145 1800000 0
LS4 145 1800000 0
LS4 145 1800000 0
LS4 145 1800000 0
LS4 145 1800000 0
LS4 145 1800000 0
LS4 145 1800000 0
LS4 145 1800000 0
LS5 63 1800000 0
LS5 62 1800000 0
LS5 63 1800000 0
LS5 62 1800000 0
LS5 63 1800000 0
LS5 62 1800000 0
LS5 63 1800000 0
LS5 62 1800000 0
LS5 63 1800000 0
LS5 62 1800000 0
LS6 25 1800000 0
LS6 24 1800000 0
LS6 25 1800000 0
LS6 24 1800000 0
LS6 25 1800000 0
LS6 24 1800000 0
LS6 25 1800000 0
LS6 24 1800000 0
LS6 25 1800000 0
LS6 24 1800000 0
LS7 5 1800000 0
LS7 6 1800000 0
LS7 5 1800000 0
LS7 6 1800000 0
LS7 5 1800000 0
LS7 6 1800000 0
LS7 5 1800000 0
LS7 6 1800000 0
LS7 5 1800000 0
LS7 6 1800000 0
